[3,2,1|_3734]
[4,2,1|_3734]
[5,2,1|_3734]
[2,3,1|_3734]
[4,3,1|_3734]
[5,3,1|_3734]
[2,4,1|_3734]
[3,4,1|_3734]
[5,4,1|_3734]
[2,5,1|_3734]
[3,5,1|_3734]
[4,5,1|_3734]
[3,1,2|_3734]
[4,1,2|_3734]
[5,1,2|_3734]
[1,3,2|_3734]
[4,3,2|_3734]
[5,3,2|_3734]
[1,4,2|_3734]
[3,4,2|_3734]
[5,4,2|_3734]
[1,5,2|_3734]
[3,5,2|_3734]
[4,5,2|_3734]
[2,1,3|_3734]
[4,1,3|_3734]
[5,1,3|_3734]
[1,2,3|_3734]
[4,2,3|_3734]
[5,2,3|_3734]
[1,4,3|_3734]
[2,4,3|_3734]
[5,4,3|_3734]
[1,5,3|_3734]
[2,5,3|_3734]
[4,5,3|_3734]
[2,1,4|_3734]
[3,1,4|_3734]
[5,1,4|_3734]
[1,2,4|_3734]
[3,2,4|_3734]
[5,2,4|_3734]
[1,3,4|_3734]
[2,3,4|_3734]
[5,3,4|_3734]
[1,5,4|_3734]
[2,5,4|_3734]
[3,5,4|_3734]
[2,1,5|_3734]
[3,1,5|_3734]
[4,1,5|_3734]
[1,2,5|_3734]
[3,2,5|_3734]
[4,2,5|_3734]
[1,3,5|_3734]
[2,3,5|_3734]
[4,3,5|_3734]
[1,4,5|_3734]
[2,4,5|_3734]
[3,4,5|_3734]
